20170217	2008	3	3	0
20170217	4540	48	7	0
20170217	1618	3	1	0
20170217	2905	0	1	0
20170217	2311	2	0	0
20170217	2017	33	4	0
20170217	8112	1	0	0
20170217	2371	1	1	0
20170217	2015	36	4	0
20170217	1709	1	0	0
20170217	4131	0	0	0
20170217	2014	11	1	0
20170217	3662	2	0	0
20170217	1210	2	1	0
20170217	9937	11	5	0
20170217	3038	11	4	0
20170217	2409	2	0	0
20170217	3584	6	0	0
20170217	5522	4	0	0
20170217	2882	1	0	0
20170217	5386	0	1	0
20170217	1215	0	1	0
20170217	1443	1	0	0
20170217	2732	2	0	0
20170217	5347	19	2	0
20170217	2317	4	1	0
20170217	3704	1	0	0
20170217	5102	1	0	0
20170217	4949	5	0	0
20170217	3149	2	0	0
20170217	2455	12	0	0
20170217	3558	1	0	0
20170217	3306	1	0	0
20170217	2006	1	2	0
20170217	2603	3	0	0
20170217	1108	1	0	0
20170217	6147	1	0	0
20170217	3045	4	0	0
20170217	2504	6	2	0
20170217	2002	4	0	0
20170217	4537	0	0	0
20170217	1312	1	0	0
20170217	9945	4	0	0
20170217	2516	4	0	0
20170217	4129	7	1	0
20170217	3481	2	0	0
20170217	4802	1	0	0
20170217	1806	2	0	0
20170217	6496	0	0	0
20170217	2204	9	0	0
20170217	6130	1	0	0
20170217	3008	3	0	0
20170217	1704	2	0	0
20170217	2007	2	0	0
20170217	3167	9	3	0
20170217	1473	8	1	0
20170217	5287	6	3	0
20170217	2013	5	0	0
20170217	1818	3	0	0
20170217	2010	3	0	0
20170217	6486	3	0	0
20170217	2496	3	0	0
20170217	2890	1	0	0
20170217	1218	1	0	0
20170217	8436	1	0	0
20170217	8086	1	0	0
20170217	4736	1	0	0
20170217	2880	1	0	0
20170217	3372	4	0	0
20170217	3105	2	0	0
20170217	3519	7	0	0
20170217	2915	5	0	0
20170217	1259	4	0	0
20170217	4743	2	0	0
20170217	2327	1	0	0
20170217	1507	1	0	0
20170217	6152	1	0	0
20170217	3443	2	0	0
20170217	2850	9	1	0
20170217	6469	1	0	0
20170217	3554	4	0	0
20170217	4904	1	0	0
20170217	1605	2	0	0
20170217	3360	1	0	0
20170217	2448	1	0	0
20170217	1594	1	0	0
20170217	8069	1	0	0
20170217	8923	2	0	0
20170217	8081	0	0	0
20170217	3346	1	0	0
20170217	6220	1	0	0
20170217	2605	9	2	0
20170217	1303	9	1	0
20170217	2439	1	0	0
20170217	2892	4	1	0
20170217	2633	3	1	0
20170217	4739	1	0	0
20170217	6222	10	0	0
20170217	9921	3	1	0
20170217	2330	3	1	0
20170217	3162	2	0	0
20170217	2823	1	1	0
20170217	Y9999	2	0	0
20170217	1449	0	0	0
20170217	3702	1	0	0
20170217	6505	1	0	0
20170217	9919	0	0	0
20170217	2101	2	0	0
20170217	2012	4	2	0
20170217	8176	1	0	0
20170217	2382	1	0	0
20170217	5483	1	0	0
20170217	2009	2	0	0
20170217	6145	0	0	0
20170217	1201	1	0	0
20170217	6154	0	1	0
20170217	1439	2	0	0
20170217	1565	1	0	0
20170217	4999	1	0	0
20170217	6465	1	0	0
20170217	5514	2	0	0
20170217	2107	0	0	0
20170217	8053	1	0	0
20170217	5512	0	0	0
20170217	2833	0	1	0
20170217	2353	1	0	0
20170217	9940	5	0	0
20170217	5515	1	0	0
20170217	4114	1	0	0
20170217	1723	0	0	0
20170217	1795	2	0	0
20170217	6221	1	0	0
20170217	3093	1	0	0
20170217	6471	1	0	0
20170217	2888	1	3	0
20170217	8101	1	0	0
20170217	5903	2	0	0
20170217	2478	0	0	0
20170217	3431	4	0	0
20170217	8941	1	0	0
20170217	5315	1	0	0
20170217	3055	0	0	0
20170217	3144	1	0	0
20170217	8927	1	0	0
20170217	3426	0	0	0
20170217	1301	3	0	0
20170217	5425	1	0	0
20170217	2801	1	2	0
20170217	1305	2	0	0
20170217	3078	1	0	0
20170217	5876	1	0	0
20170217	2641	1	0	0
20170217	1707	1	0	0
20170217	1315	1	0	0
20170217	1613	1	0	0
20170217	2492	1	0	0
20170217	1216	2	1	0
20170217	2235	2	0	0
20170217	6483	2	0	0
20170217	2201	2	0	0
20170217	5607	1	0	0
20170217	3673	1	0	0
20170217	2832	1	1	0
20170217	4726	1	0	0
20170217	4111	0	0	0
20170217	8936	1	0	0
20170217	6488	2	0	0
20170217	1314	1	1	0
20170217	2035	1	0	0
20170217	2731	2	0	0
20170217	1326	2	0	0
20170217	5439	1	0	0
20170217	1504	0	1	0
20170217	1536	2	2	0
20170217	2020	1	1	0
20170217	2412	1	0	0
20170217	3205	2	0	0
20170217	1423	0	1	0
20170217	2640	1	0	0
20170217	8341	1	0	0
20170217	1701	1	0	0
20170217	5276	0	0	0
20170217	3532	1	0	0
20170217	1416	1	0	0
20170217	4716	3	0	0
20170217	5371	1	0	0
20170217	6431	1	0	0
20170217	2887	2	0	0
20170217	5521	1	0	0
20170217	2331	1	0	0
20170217	6605	1	0	0
20170217	5469	1	0	0
20170217	1522	2	0	0
20170217	3669	1	0	0
20170217	2618	3	0	0
20170217	2542	1	0	0
20170217	2891	2	0	0
20170217	1324	1	0	0
20170217	1435	1	0	0
20170217	3308	0	0	0
20170217	1604	0	1	0
20170217	5383	0	1	0
20170217	4105	1	0	0
20170217	6239	1	1	0
20170217	3444	1	0	0
20170217	2312	1	0	0
20170217	5014	1	0	0
20170217	1310	1	0	0
20170217	6107	2	0	0
20170217	2634	1	0	0
20170217	6603	1	0	0
20170217	2303	0	1	0
20170217	2474	0	0	0
20170217	8046	1	0	0
20170217	2884	1	0	0
20170217	3081	1	0	0
20170217	6407	1	0	0
20170217	8432	1	0	0
20170217	1802	0	0	0
20170217	3705	1	0	0
20170217	6509	1	0	0
20170217	6283	0	0	0
20170217	2025	3	0	0
20170217	3118	1	0	0
20170217	1475	0	0	0
20170217	1773	1	0	0
20170217	5395	1	0	0
20170217	3553	1	0	0
20170217	9955	1	0	0
20170217	8085	1	0	0
20170217	4175	1	0	0
20170217	5317	0	0	0
20170217	6165	0	0	0
20170217	2881	1	0	0
20170217	1603	1	0	0
20170217	2485	1	0	0
20170217	1477	0	1	0
20170217	4113	1	0	0
20170217	6111	1	0	0
20170217	8420	0	1	0
20170217	6702	1	0	0
20170217	2206	1	0	0
20170217	1584	1	0	0
20170217	8299	1	0	0
20170217	4420	1	0	0
20170217	5007	2	0	0
20170217	4130	1	0	0
20170217	2501	1	0	0
20170217	3566	2	0	0
20170217	3209	1	0	0
20170217	3455	1	0	0
20170217	1313	1	0	0
20170217	6168	1	0	0
20170217	3296	0	0	0
20170217	6186	1	0	0
20170217	4162	1	0	0
20170217	4730	1	0	0
20170217	3413	1	0	0
20170217	1810	1	0	0
20170217	8916	1	0	0
20170217	3191	0	1	0
20170217	2475	0	0	0
20170217	3060	0	0	0
20170217	1229	1	0	0
20170217	2841	1	0	0
20170217	2329	1	0	0
20170217	1454	1	0	0
20170217	9908	1	0	0
20170217	2106	1	0	0
20170217	2530	1	0	0
20170217	6244	1	0	0
20170217	3465	0	0	0
20170217	4543	1	0	0
20170217	2419	1	0	0
20170217	2337	1	0	0
20170217	2610	1	0	0
20170217	2103	1	0	0
20170217	1309	1	0	0
20170217	9157	0	0	0
20170217	3698	0	0	0
20170217	6435	1	0	0
20170217	3406	1	0	0
20170217	2233	1	0	0
20170217	8088	1	0	0
