20161107	8054	0	0	0
20161107	2498	1	0	0
20161107	8112	3	0	0
20161107	1303	7	2	0
20161107	3372	8	0	0
20161107	5347	52	4	0
20161107	1259	5	1	0
20161107	2891	0	2	0
20161107	2014	16	0	0
20161107	3443	13	0	0
20161107	3519	3	0	0
20161107	1806	14	1	0
20161107	9934	1	0	0
20161107	4540	67	7	0
20161107	4532	1	0	0
20161107	2013	11	0	0
20161107	1108	8	3	0
20161107	5489	1	0	0
20161107	6222	7	0	0
20161107	1709	1	0	0
20161107	2836	1	0	0
20161107	2017	16	0	0
20161107	9937	15	2	0
20161107	2448	2	0	0
20161107	3045	4	0	0
20161107	2605	7	2	0
20161107	2850	7	0	0
20161107	6486	16	4	0
20161107	5515	1	0	0
20161107	2204	22	2	0
20161107	1326	1	2	0
20161107	2514	1	2	0
20161107	5220	3	0	0
20161107	2504	3	0	0
20161107	2031	1	0	0
20161107	9908	3	0	0
20161107	4180	1	1	0
20161107	2030	1	0	0
20161107	1301	5	3	0
20161107	3038	22	2	0
20161107	5314	4	0	0
20161107	4730	0	1	0
20161107	1453	1	2	0
20161107	2455	6	0	0
20161107	1449	1	0	0
20161107	8201	2	0	0
20161107	3234	1	0	0
20161107	2856	2	0	0
20161107	5287	4	1	0
20161107	2010	1	0	0
20161107	8325	2	0	0
20161107	5324	1	0	0
20161107	2029	1	0	0
20161107	3260	1	0	0
20161107	6210	1	0	0
20161107	2012	4	2	0
20161107	6435	0	0	0
20161107	1310	1	0	0
20161107	1319	2	0	0
20161107	4413	1	0	0
20161107	2002	3	0	0
20161107	4994	1	0	0
20161107	2007	3	0	0
20161107	2882	2	1	0
20161107	3529	1	0	0
20161107	2008	13	1	0
20161107	4129	21	4	0
20161107	2015	10	0	0
20161107	5233	1	0	0
20161107	1473	7	1	0
20161107	2617	2	0	0
20161107	5706	2	0	0
20161107	3554	3	0	0
20161107	3018	4	0	0
20161107	1439	3	0	0
20161107	4755	1	0	0
20161107	2317	5	0	0
20161107	8464	1	0	0
20161107	1818	7	0	0
20161107	2704	0	0	0
20161107	2371	3	0	0
20161107	1598	1	0	0
20161107	8110	1	0	0
20161107	2106	1	0	0
20161107	2401	1	0	0
20161107	3162	1	1	0
20161107	5516	2	0	0
20161107	5460	1	0	0
20161107	910861	1	0	0
20161107	2028	0	1	0
20161107	4965	1	0	0
20161107	4952	1	0	0
20161107	1704	1	0	0
20161107	1324	1	2	0
20161107	6407	4	1	0
20161107	5880	1	0	0
20161107	3226	2	0	0
20161107	6015	1	0	0
20161107	6487	1	0	0
20161107	3040	3	0	0
20161107	5903	4	0	0
20161107	2101	3	0	0
20161107	9940	5	0	0
20161107	3024	0	1	0
20161107	2886	1	1	0
20161107	3167	6	1	0
20161107	2603	2	0	0
20161107	2892	3	0	0
20161107	2609	2	1	0
20161107	1410	1	0	0
20161107	2719	1	0	0
20161107	6124	1	0	0
20161107	5007	2	0	0
20161107	1603	4	0	0
20161107	8329	0	0	0
20161107	8923	6	1	0
20161107	1216	11	2	0
20161107	2451	1	0	0
20161107	3055	1	0	0
20161107	2392	1	0	0
20161107	2020	7	0	0
20161107	1536	7	0	0
20161107	6510	0	1	0
20161107	5514	1	0	0
20161107	3532	0	1	0
20161107	1460	1	0	0
20161107	1522	2	0	0
20161107	6483	2	0	0
20161107	2471	3	0	0
20161107	2025	5	0	0
20161107	2633	2	0	0
20161107	4904	2	0	0
20161107	5213	1	0	0
20161107	3266	1	0	0
20161107	2546	1	0	0
20161107	9939	0	1	0
20161107	2332	1	0	0
20161107	3023	1	0	0
20161107	2880	1	0	0
20161107	9921	5	0	0
20161107	8163	1	0	0
20161107	8906	1	0	0
20161107	3523	1	0	0
20161107	6021	1	0	0
20161107	2496	1	0	0
20161107	2308	2	0	0
20161107	1810	1	0	0
20161107	1210	2	0	0
20161107	9962	1	0	0
20161107	2006	2	1	0
20161107	2009	6	0	0
20161107	6182	1	0	0
20161107	6180	1	0	0
20161107	6469	2	0	0
20161107	8415	1	0	0
20161107	2515	1	0	0
20161107	3444	2	0	0
20161107	2239	1	0	0
20161107	2524	1	0	0
20161107	4915	1	0	0
20161107	6425	0	0	0
20161107	3095	2	0	0
20161107	3552	1	0	0
20161107	2483	1	0	0
20161107	2735	1	0	0
20161107	9955	0	2	0
20161107	2499	0	1	0
20161107	3299	1	0	0
20161107	2505	1	0	0
20161107	3705	0	0	0
20161107	5531	0	0	0
20161107	4949	6	2	0
20161107	5905	2	0	0
20161107	5102	0	0	0
20161107	2329	2	0	0
20161107	2330	3	0	0
20161107	5289	1	0	0
20161107	4142	1	0	0
20161107	2461	1	0	0
20161107	2511	1	0	0
20161107	2890	2	0	0
20161107	1457	0	1	0
20161107	2912	2	0	0
20161107	3548	1	0	0
20161107	6505	2	0	0
20161107	1262	1	0	0
20161107	4108	1	0	0
20161107	8941	1	1	0
20161107	5603	1	0	0
20161107	2542	0	0	0
20161107	5508	0	0	0
20161107	9911	1	0	0
20161107	1713	0	0	0
20161107	911622	0	1	0
20161107	2102	1	0	0
20161107	6107	1	0	0
20161107	8450	1	0	0
20161107	1459	1	0	0
20161107	2596	1	0	0
20161107	8271	1	0	0
20161107	2465	1	0	0
20161107	9905	1	0	0
20161107	8936	1	1	0
20161107	1565	1	0	0
20161107	2311	1	0	0
20161107	2610	2	0	0
20161107	9928	1	0	0
20161107	2022	1	1	0
20161107	6462	0	1	0
20161107	4716	0	1	0
20161107	8927	1	0	0
20161107	3230	1	0	0
20161107	6016	2	0	0
20161107	2377	1	0	0
20161107	3315	2	0	0
20161107	1315	1	0	0
20161107	2303	2	0	0
20161107	2841	1	0	0
20161107	1312	1	0	0
20161107	3376	1	0	0
20161107	6164	1	0	0
20161107	1609	1	0	0
20161107	2412	3	0	0
20161107	9924	0	1	0
20161107	1435	0	0	0
20161107	8341	1	0	0
20161107	2367	2	0	0
20161107	2743	1	0	0
20161107	5483	1	0	0
20161107	3591	1	0	0
20161107	3431	1	0	0
20161107	2208	1	0	0
20161107	5534	1	0	0
20161107	2833	0	1	0
20161107	6154	0	1	0
20161107	4743	0	1	0
20161107	2331	3	0	0
20161107	2379	1	0	0
20161107	6426	0	0	0
20161107	3356	1	1	0
20161107	3118	1	0	0
20161107	4420	1	0	0
20161107	3662	1	0	0
20161107	4905	1	0	0
20161107	6452	1	0	0
20161107	2607	1	0	0
20161107	4714	0	1	0
20161107	3149	1	0	0
20161107	2615	1	0	0
20161107	3561	1	0	0
20161107	3481	1	0	0
20161107	1463	1	0	0
20161107	2344	1	0	0
20161107	2409	1	0	0
20161107	6412	0	1	0
20161107	1904	1	0	0
20161107	5203	1	0	0
20161107	3008	0	1	0
20161107	2436	1	0	0
20161107	3227	1	0	0
20161107	2613	1	0	0
20161107	8454	1	0	0
20161107	2903	2	0	0
20161107	4733	1	0	0
20161107	5259	0	1	0
20161107	1456	1	0	0
20161107	4183	1	0	0
20161107	9917	1	0	0
20161107	4979	1	0	0
20161107	2413	1	0	0
20161107	2509	0	1	0
20161107	8088	1	0	0
20161107	5278	1	0	0
20161107	5439	2	0	0
20161107	1604	1	0	0
20161107	1757	1	0	0
20161107	3036	0	1	0
20161107	Y9999	1	0	0
20161107	5312	1	0	0
20161107	1258	1	0	0
20161107	2897	1	0	0
20161107	6239	1	0	0
20161107	3584	1	0	0
20161107	2023	1	0	0
20161107	2614	1	1	0
20161107	1611	0	1	0
20161107	6246	0	1	0
20161107	3545	1	0	0
20161107	6130	1	0	0
20161107	2454	1	0	0
20161107	1414	0	0	0
20161107	3105	1	0	0
20161107	2383	1	0	0
20161107	9925	1	0	0
20161107	6118	1	0	0
20161107	6005	1	0	0
20161107	4128	1	0	0
20161107	8440	1	0	0
20161107	5274	1	0	0
20161107	3615	1	0	0
20161107	1309	1	0	0
20161107	4997	1	0	0
20161107	8942	1	0	0
20161107	5519	1	0	0
20161107	3383	0	0	0
20161107	3051	1	0	0
20161107	5305	1	0	0
