20161118	4540	59	6	0
20161118	2605	17	0	0
20161118	1609	2	1	0
20161118	9905	2	0	0
20161118	2542	0	0	0
20161118	9921	5	0	0
20161118	2017	17	0	0
20161118	2347	1	0	0
20161118	2204	6	0	0
20161118	5483	0	1	0
20161118	2012	5	3	0
20161118	4129	9	2	0
20161118	3431	2	0	0
20161118	5228	1	0	0
20161118	2013	11	2	0
20161118	2015	22	2	0
20161118	2002	4	0	0
20161118	6486	5	0	0
20161118	2732	3	0	0
20161118	3167	10	3	0
20161118	3038	14	1	0
20161118	9928	1	0	0
20161118	2887	1	1	0
20161118	1108	1	2	0
20161118	2455	13	0	0
20161118	5347	30	3	0
20161118	6130	3	0	0
20161118	3554	4	0	0
20161118	8053	2	0	0
20161118	1303	3	2	0
20161118	2007	2	0	0
20161118	6443	2	1	0
20161118	5314	2	1	0
20161118	4994	1	0	0
20161118	8112	2	0	0
20161118	9940	3	0	0
20161118	3018	2	0	0
20161118	3372	2	0	0
20161118	1216	5	1	0
20161118	2882	1	1	0
20161118	2498	2	0	0
20161118	6464	1	0	0
20161118	1259	1	0	0
20161118	2504	6	0	0
20161118	2516	2	0	0
20161118	2208	1	0	0
20161118	3206	1	0	0
20161118	6243	1	0	0
20161118	2101	3	0	0
20161118	6505	1	0	0
20161118	5283	1	0	0
20161118	6148	1	0	0
20161118	3653	1	0	0
20161118	1723	1	0	0
20161118	1583	1	0	0
20161118	1473	1	1	0
20161118	2850	10	1	0
20161118	2371	2	0	0
20161118	2008	6	2	0
20161118	2546	1	0	0
20161118	9914	1	1	0
20161118	6239	1	1	0
20161118	9937	4	1	0
20161118	2069	1	1	0
20161118	4170	3	0	0
20161118	2499	0	1	0
20161118	1324	2	0	0
20161118	5515	1	0	0
20161118	2330	9	1	0
20161118	2409	2	0	0
20161118	6510	1	0	0
20161118	5248	1	0	0
20161118	8923	8	0	0
20161118	4105	1	0	0
20161118	4966	0	1	0
20161118	3526	2	0	0
20161118	6222	8	3	0
20161118	2612	3	0	0
20161118	2911	2	0	0
20161118	2474	2	0	0
20161118	1301	2	0	0
20161118	2314	1	0	0
20161118	2014	10	1	0
20161118	1903	1	0	0
20161118	4946	1	0	0
20161118	5383	2	0	0
20161118	2301	1	0	0
20161118	3514	0	1	0
20161118	2888	1	0	0
20161118	6407	3	0	0
20161118	3209	3	0	0
20161118	3045	3	1	0
20161118	3686	0	1	0
20161118	6425	1	0	0
20161118	2729	1	0	0
20161118	2471	1	0	0
20161118	9904	1	0	0
20161118	5287	4	0	0
20161118	4947	1	0	0
20161118	2207	1	0	0
20161118	1806	3	0	0
20161118	2733	1	0	0
20161118	2606	1	0	0
20161118	4420	3	0	0
20161118	1447	1	0	0
20161118	6024	1	0	0
20161118	5516	0	1	0
20161118	8121	1	0	0
20161118	8473	1	0	0
20161118	3443	5	0	0
20161118	3105	1	1	0
20161118	4730	1	0	0
20161118	2374	1	0	0
20161118	2317	5	1	0
20161118	1109	1	0	0
20161118	3519	2	1	0
20161118	8422	1	0	0
20161118	4949	4	0	0
20161118	2010	3	0	0
20161118	2929	1	0	0
20161118	2880	0	0	0
20161118	3584	2	0	0
20161118	1304	1	0	0
20161118	5007	1	0	0
20161118	2201	1	0	0
20161118	1594	1	0	0
20161118	8070	1	0	0
20161118	2020	3	0	0
20161118	2303	1	0	0
20161118	2475	1	0	0
20161118	5878	1	0	0
20161118	3266	0	1	0
20161118	4526	1	0	0
20161118	2633	2	0	0
20161118	2385	1	0	0
20161118	1225	1	0	0
20161118	4132	1	0	0
20161118	8299	1	0	0
20161118	9955	1	0	0
20161118	2032	1	0	0
20161118	1451	0	0	0
20161118	2596	1	0	0
20161118	5306	0	2	0
20161118	8069	2	0	0
20161118	2009	3	0	0
20161118	6483	0	0	0
20161118	8197	1	0	0
20161118	1717	1	0	0
20161118	3527	0	1	0
20161118	2618	1	0	0
20161118	1474	1	0	0
20161118	6488	1	0	0
20161118	5212	1	0	0
20161118	8088	4	0	0
20161118	2362	1	0	0
20161118	2881	1	0	0
20161118	8042	1	0	0
20161118	2617	1	0	0
20161118	3481	1	0	0
20161118	3149	1	0	0
20161118	3317	1	0	0
20161118	3576	0	1	0
20161118	2637	1	0	0
20161118	1471	1	0	0
20161118	2924	1	0	0
20161118	2311	1	0	0
20161118	4746	1	0	0
20161118	5349	1	0	0
20161118	1464	1	0	0
20161118	4720	0	1	0
20161118	1315	2	0	0
20161118	1618	4	0	0
20161118	6182	1	0	0
20161118	6244	1	1	0
20161118	4956	1	0	0
20161118	2916	0	1	0
20161118	8109	1	0	0
20161118	1319	0	1	0
20161118	6435	4	1	0
20161118	4743	1	0	0
20161118	8940	0	0	0
20161118	1530	1	0	0
20161118	5285	1	0	0
20161118	2707	1	1	0
20161118	5820	1	0	0
20161118	2891	0	0	0
20161118	2444	0	1	0
20161118	5309	1	0	0
20161118	2049	1	0	0
20161118	2006	0	0	0
20161118	8936	1	0	0
20161118	5523	1	0	0
20161118	2609	0	1	0
20161118	1310	1	0	0
20161118	3529	2	0	0
20161118	2373	1	0	0
20161118	8114	0	1	0
20161118	2325	1	0	0
20161118	6242	1	0	0
20161118	2454	1	1	0
20161118	6241	1	0	0
20161118	8201	0	1	0
20161118	5608	2	0	0
20161118	1909	0	1	0
20161118	3452	0	1	0
20161118	2832	1	0	0
20161118	2634	1	0	0
20161118	1773	1	0	0
20161118	4738	1	0	0
20161118	4510	1	0	0
20161118	2496	1	0	0
20161118	2511	1	0	0
20161118	6462	0	1	0
20161118	1449	1	0	0
20161118	3218	0	1	0
20161118	2355	1	0	0
20161118	1613	1	0	0
20161118	2856	1	0	0
20161118	3432	1	0	0
20161118	3147	1	0	0
20161118	6477	0	1	0
20161118	3444	1	0	0
20161118	4934	0	1	0
20161118	5289	1	0	0
20161118	2613	1	0	0
20161118	4977	1	0	0
20161118	5016	1	0	0
20161118	8176	2	0	0
20161118	3561	0	1	0
20161118	2636	1	0	0
20161118	6531	1	0	0
20161118	1569	0	1	0
20161118	3022	1	0	0
20161118	5706	0	0	0
20161118	2607	1	0	0
20161118	3666	1	0	0
20161118	3691	0	1	0
20161118	8047	0	0	0
20161118	1476	0	1	0
20161118	1445	1	0	0
20161118	1459	1	1	0
20161118	3040	1	0	0
20161118	3234	0	1	0
20161118	2603	1	0	0
20161118	1477	0	1	0
20161118	2801	1	0	0
20161118	6220	1	0	0
20161118	6107	1	0	0
20161118	8932	0	1	0
20161118	2406	0	1	0
20161118	2892	1	0	0
20161118	6536	1	0	0
20161118	1210	2	0	0
20161118	2530	1	0	0
20161118	5529	1	0	0
20161118	4106	0	1	0
20161118	2497	1	0	0
20161118	5259	1	0	0
20161118	6538	0	1	0
20161118	2883	1	0	0
20161118	1314	1	0	0
20161118	2458	1	0	0
20161118	3450	1	0	0
20161118	2545	1	0	0
20161118	2705	1	0	0
20161118	6276	1	0	0
20161118	6116	1	0	0
20161118	5903	1	0	0
20161118	2331	1	0	0
20161118	6283	1	0	0
20161118	5439	1	0	0
20161118	6016	1	0	0
20161118	2377	1	0	0
20161118	8464	1	0	0
20161118	5471	1	0	0
20161118	3118	1	0	0
20161118	8163	1	0	0
20161118	2886	0	1	0
20161118	3259	1	0	0
