20161115	5706	3	0	0
20161115	3455	1	0	0
20161115	8406	1	0	0
20161115	6435	4	0	0
20161115	5314	9	1	0
20161115	2013	14	0	0
20161115	5203	2	0	0
20161115	911611	0	1	0
20161115	1324	6	0	0
20161115	5016	0	1	0
20161115	2012	11	2	0
20161115	3038	19	3	0
20161115	9937	36	6	0
20161115	4949	6	1	0
20161115	2890	3	0	0
20161115	6486	17	1	0
20161115	5347	41	5	0
20161115	2455	14	2	0
20161115	1713	3	0	0
20161115	5007	3	3	0
20161115	4934	1	0	0
20161115	8923	3	0	0
20161115	3481	2	0	0
20161115	4743	1	2	0
20161115	5439	3	0	0
20161115	2007	7	0	0
20161115	1108	7	0	0
20161115	2545	1	0	0
20161115	2851	0	2	0
20161115	2504	8	1	0
20161115	4540	64	4	0
20161115	2496	5	0	0
20161115	2008	12	4	0
20161115	1259	2	0	0
20161115	3406	1	0	0
20161115	2204	24	6	0
20161115	2404	1	0	0
20161115	2014	13	2	0
20161115	9921	6	1	0
20161115	3591	1	0	0
20161115	1216	4	0	0
20161115	2030	3	1	0
20161115	4736	1	0	0
20161115	3443	14	0	0
20161115	6510	1	1	0
20161115	2633	4	0	0
20161115	2881	4	1	0
20161115	4180	1	0	0
20161115	5478	1	0	0
20161115	1210	3	0	0
20161115	2852	1	0	0
20161115	3078	0	1	0
20161115	1234	1	0	0
20161115	6130	1	0	0
20161115	2735	3	0	0
20161115	6220	0	1	0
20161115	2888	4	1	0
20161115	2605	17	1	0
20161115	4129	23	1	0
20161115	2332	2	0	0
20161115	2331	3	0	0
20161115	5515	1	1	0
20161115	2015	21	2	0
20161115	6274	0	1	0
20161115	2892	4	0	0
20161115	2025	5	1	0
20161115	1512	2	0	0
20161115	1301	3	1	0
20161115	2221	2	0	0
20161115	6222	10	0	0
20161115	1757	0	0	0
20161115	2882	5	2	0
20161115	2905	1	0	0
20161115	910708	0	2	0
20161115	9940	5	0	0
20161115	3167	16	0	0
20161115	3206	0	0	0
20161115	2609	4	0	0
20161115	6407	10	1	0
20161115	6024	1	0	0
20161115	2801	4	0	0
20161115	1709	1	0	0
20161115	1473	11	2	0
20161115	8176	2	0	0
20161115	4994	5	1	0
20161115	6483	2	0	0
20161115	3383	1	0	0
20161115	5287	5	0	0
20161115	2371	4	0	0
20161115	5013	1	0	0
20161115	9949	1	0	0
20161115	3118	3	0	0
20161115	4938	2	0	0
20161115	4904	0	1	0
20161115	1303	11	0	0
20161115	5903	3	0	0
20161115	3519	4	0	0
20161115	8088	4	1	0
20161115	3260	1	0	0
20161115	2356	1	0	0
20161115	3209	0	0	0
20161115	3311	1	0	0
20161115	2514	1	0	0
20161115	6505	2	0	0
20161115	3095	4	0	0
20161115	3374	0	1	0
20161115	9962	1	0	0
20161115	2903	4	1	0
20161115	2612	2	1	0
20161115	2006	3	1	0
20161115	5608	1	0	0
20161115	2727	1	0	0
20161115	6107	1	0	0
20161115	8112	4	0	0
20161115	2409	2	0	0
20161115	3162	3	0	0
20161115	8905	3	0	0
20161115	4506	1	0	0
20161115	1439	1	0	0
20161115	1603	2	1	0
20161115	5206	1	0	0
20161115	2616	1	0	0
20161115	1316	0	1	0
20161115	3322	1	0	0
20161115	2017	14	1	0
20161115	1806	8	0	0
20161115	2511	1	0	0
20161115	2615	2	0	0
20161115	8069	0	1	0
20161115	2009	3	0	0
20161115	1907	0	1	0
20161115	2228	1	0	0
20161115	1810	4	0	0
20161115	3105	0	1	0
20161115	5351	1	1	0
20161115	3554	4	0	0
20161115	2002	2	0	0
20161115	4420	5	0	0
20161115	2823	2	1	0
20161115	2330	5	1	0
20161115	2010	7	0	0
20161115	4721	0	0	0
20161115	3018	1	0	0
20161115	2206	3	0	0
20161115	3484	0	1	0
20161115	3657	2	0	0
20161115	5609	0	1	0
20161115	5220	1	0	0
20161115	5530	2	0	0
20161115	2641	1	0	0
20161115	8050	1	0	0
20161115	1615	1	0	0
20161115	2397	1	0	0
20161115	2020	6	0	0
20161115	6168	2	0	0
20161115	2337	2	0	0
20161115	1818	5	0	0
20161115	8436	2	0	0
20161115	9955	1	1	0
20161115	2887	3	0	0
20161115	5403	0	1	0
20161115	8064	1	0	0
20161115	6531	2	0	0
20161115	2456	1	0	0
20161115	2850	8	0	0
20161115	6245	1	0	0
20161115	2834	1	0	0
20161115	6210	1	0	0
20161115	1312	1	0	0
20161115	2317	3	0	0
20161115	4402	2	0	0
20161115	8053	1	0	0
20161115	4503	1	0	0
20161115	2207	1	0	0
20161115	1325	0	2	0
20161115	1315	2	0	0
20161115	4551	1	0	0
20161115	1536	7	1	0
20161115	5519	1	0	0
20161115	8941	3	0	0
20161115	Y9999	1	0	0
20161115	3008	2	1	0
20161115	4915	1	1	0
20161115	8109	2	0	0
20161115	1614	0	1	0
20161115	8409	0	1	0
20161115	911622	0	1	0
20161115	1463	1	0	0
20161115	5202	1	0	0
20161115	1710	1	0	0
20161115	2527	1	0	0
20161115	2467	2	0	0
20161115	4105	0	1	0
20161115	4117	2	0	0
20161115	8086	0	1	0
20161115	2201	1	0	0
20161115	3529	0	1	0
20161115	2722	1	0	0
20161115	3025	2	0	0
20161115	2501	1	0	0
20161115	4730	2	0	0
20161115	9914	1	0	0
20161115	8122	3	0	0
20161115	4969	1	0	0
20161115	5534	1	0	0
20161115	3662	2	0	0
20161115	6228	0	2	0
20161115	6116	2	0	0
20161115	3501	1	0	0
20161115	2034	1	0	0
20161115	8110	2	0	0
20161115	3691	1	0	0
20161115	3567	1	0	0
20161115	3114	0	0	0
20161115	2891	3	0	0
20161115	1459	1	0	0
20161115	2393	1	0	0
20161115	1565	1	0	0
20161115	2354	1	0	0
20161115	1319	1	1	0
20161115	8044	0	1	0
20161115	2379	1	0	0
20161115	3234	0	1	0
20161115	2729	1	0	0
20161115	2910	1	0	0
20161115	1519	2	0	0
20161115	2603	2	0	0
20161115	8291	1	1	0
20161115	3474	1	0	0
20161115	6147	0	1	0
20161115	2606	1	0	0
20161115	2049	1	1	0
20161115	3372	5	1	0
20161115	2610	1	0	0
20161115	9917	1	0	0
20161115	2449	1	0	0
20161115	3045	4	0	0
20161115	6425	1	0	0
20161115	5603	1	0	0
20161115	1218	1	1	0
20161115	4141	1	0	0
20161115	2357	2	0	0
20161115	3437	1	0	0
20161115	3514	0	1	0
20161115	1594	2	0	0
20161115	3152	1	1	0
20161115	1506	1	0	0
20161115	5009	0	1	0
20161115	8011	1	0	0
20161115	3663	1	0	0
20161115	8222	1	0	0
20161115	1521	1	0	0
20161115	2022	0	1	0
20161115	2535	1	0	0
20161115	2548	2	0	0
20161115	4716	3	1	0
20161115	1784	2	0	0
20161115	3584	3	0	0
20161115	8926	2	0	0
20161115	6469	0	0	0
20161115	3049	1	0	0
20161115	2454	1	0	0
20161115	9908	1	0	0
20161115	3303	0	1	0
20161115	3540	1	0	0
20161115	1449	0	1	0
20161115	5876	1	0	0
20161115	2618	1	0	0
20161115	8105	1	0	0
20161115	1608	1	1	0
20161115	8940	1	0	0
20161115	5211	1	0	0
20161115	1701	1	0	0
20161115	1310	2	0	0
20161115	8201	1	0	0
20161115	2327	1	0	0
20161115	9910	1	0	0
20161115	3031	1	0	0
20161115	2855	1	0	0
20161115	1109	0	1	0
20161115	4939	1	0	0
20161115	3703	1	0	0
20161115	8085	1	0	0
20161115	3058	0	0	0
20161115	3563	1	0	0
20161115	3666	1	0	0
20161115	1586	1	0	0
20161115	1262	1	0	0
20161115	6239	5	0	0
20161115	5521	2	0	0
20161115	3483	0	1	0
20161115	9946	1	0	0
20161115	8458	1	0	0
20161115	8383	0	1	0
20161115	6422	1	0	0
20161115	3130	1	0	0
20161115	5460	1	0	0
20161115	2227	1	0	0
20161115	3431	1	0	0
20161115	6702	0	1	0
20161115	8048	0	1	0
20161115	1326	1	0	0
20161115	3081	0	1	0
20161115	5386	1	0	0
20161115	1717	1	0	0
20161115	2516	1	0	0
20161115	1305	1	0	0
20161115	6279	1	0	0
20161115	2880	1	0	0
20161115	2412	1	1	0
20161115	2543	1	0	0
20161115	8101	1	0	0
20161115	2812	1	0	0
20161115	3516	0	0	0
20161115	5483	0	1	0
20161115	2475	1	0	0
20161115	6191	0	1	0
20161115	6136	1	0	0
20161115	5371	1	0	0
20161115	3324	0	1	0
20161115	1905	0	1	0
20161115	5820	0	0	0
20161115	2471	1	0	0
20161115	2027	1	0	0
20161115	2546	1	0	0
20161115	6197	1	0	0
20161115	2106	1	0	0
20161115	8410	1	0	0
20161115	8906	1	0	0
20161115	2448	1	0	0
20161115	6244	0	1	0
20161115	9904	1	0	0
20161115	6196	1	0	0
20161115	6180	1	0	0
20161115	1104	1	0	0
20161115	2634	1	0	0
20161115	3299	1	0	0
20161115	2377	1	0	0
20161115	3706	1	0	0
20161115	3089	0	1	0
20161115	2032	1	0	0
20161115	8033	1	0	0
20161115	6126	1	0	0
20161115	8054	1	0	0
20161115	8182	1	0	0
20161115	3466	1	0	0
20161115	1904	1	0	0
20161115	2351	1	0	0
20161115	6187	1	0	0
20161115	6186	1	0	0
20161115	1903	0	1	0
20161115	2841	1	0	0
20161115	8325	1	0	0
20161115	1611	1	0	0
20161115	5201	0	1	0
